254
253
253
253
254
255
254
255
255
255
254
254
254
254
255
255
255
254
254
254
254
255
255
255
255
254
254
253
252
251
248
244
241
239
238
232
227
226
221
221
221
224
225
219
216
222
222
224
225
224
222
227
228
228
236
238
241
250
253
254
254
254
254
254
254
255
255
255
255
255
255
254
251
241
233
209
186
192
190
192
198
211
202
200
204
193
193
189
194
194
201
198
200
240
237
236
254
254
254
255
255
254
254
253
253
254
254
255
254
254
254
248
237
226
218
214
217
216
219
226
222
217
221
217
218
219
214
214
224
231
209
173
190
231
253
254
255
255
255
255
255
254
253
254
253
254
254
254
255
255
255
255
255
255
255
254
254
254
254
254
254
253
254
255
255
255
255
255
255
255
255
255
255
255
255
254
254
254
254
225
169
137
125
148
212
248
249
249
249
250
250
249
250
250
249
249
249
249
249
250
250
250
250
250
248
248
247
249
249
249
250
250
249
250
249
247
245
245
243
241
238
238
238
238
239
240
240
239
236
235
235
237
238
238
238
238
237
237
237
237
238
238
238
238
238
237
237
237
237
237
235
234
235
236
236
238
239
236
240
245
246
246
247
247
247
247
247
247
247
247
246
245
247
249
249
250
250
249
250
250
249
249
249
249
250
250
250
250
250
249
250
249
249
249
249
216
160
134
127
156
219
249
249
249
250
250
250
249
250
250
249
248
248
247
247
249
248
249
250
250
248
249
249
248
249
249
249
249
248
248
248
248
249
248
247
245
245
244
242
241
241
244
243
243
243
242
243
244
244
244
244
244
243
243
242
243
244
244
244
243
243
244
244
244
244
244
244
244
243
244
244
245
245
246
246
246
246
246
246
247
247
247
248
247
247
244
242
242
249
249
249
250
250
250
249
250
250
250
250
250
250
250
249
250
250
249
250
250
249
250
250
221
163
132
124
158
222
249
249
249
249
250
250
250
250
250
250
250
250
250
250
250
249
249
248
247
248
249
250
250
250
250
249
248
248
249
249
250
250
247
244
242
241
242
241
241
241
243
243
243
240
240
241
241
242
240
240
242
243
242
242
243
242
242
242
242
242
241
242
242
241
240
240
238
237
238
238
240
240
238
239
241
240
244
244
245
245
244
240
240
240
240
244
248
248
248
247
248
250
250
249
249
249
249
250
249
249
248
248
249
249
250
249
249
249
249
244
186
125
98
142
214
249
247
247
247
247
248
249
249
249
249
248
248
248
249
249
249
248
249
249
249
249
249
249
249
249
247
246
245
244
244
246
242
240
239
241
240
240
241
241
240
240
239
237
236
234
239
240
239
239
239
240
241
242
242
242
239
241
241
241
241
241
242
243
242
240
239
239
240
242
244
241
237
238
241
242
240
241
244
243
245
245
244
243
242
245
247
248
249
249
249
250
249
249
247
247
248
249
249
249
249
249
248
249
249
249
249
249
249
249
248
187
104
69
152
242
249
249
248
249
249
249
249
249
249
248
249
249
248
249
249
249
250
249
250
249
249
249
249
249
249
250
249
249
248
247
245
243
242
242
243
243
243
242
243
241
240
239
239
239
236
238
237
234
226
224
230
230
229
227
229
231
230
232
237
240
240
241
242
242
243
242
234
234
234
243
244
244
244
245
245
247
246
246
247
247
246
244
243
243
249
249
249
249
249
249
249
249
249
249
249
249
249
249
247
248
249
249
249
249
249
249
249
249
249
249
211
101
47
151
246
248
248
249
249
249
249
249
249
249
249
249
249
250
250
249
248
249
248
249
249
249
248
243
244
248
248
248
249
248
244
237
238
238
234
231
234
237
239
241
243
243
243
245
245
245
244
244
242
240
240
238
236
238
237
238
238
239
238
241
244
244
243
243
242
240
241
244
243
240
238
240
238
239
244
246
246
246
246
246
246
246
246
245
246
246
249
248
249
248
249
248
249
249
249
250
250
250
250
250
250
250
250
250
250
250
250
250
250
250
250
250
213
96
55
165
248
248
248
249
249
249
249
250
250
249
249
249
249
250
250
250
249
249
249
248
249
248
248
250
250
250
250
249
248
248
244
244
242
241
241
241
242
243
242
242
242
243
244
244
243
243
243
243
243
240
237
237
233
232
232
234
236
237
236
236
237
238
236
235
237
237
237
236
236
236
236
237
237
237
240
242
243
244
244
244
244
243
242
243
246
249
249
248
249
249
249
249
250
249
249
249
249
250
250
250
250
249
249
249
249
250
250
250
250
250
250
210
86
55
168
248
249
248
248
249
249
250
250
250
248
248
248
249
249
250
250
250
250
250
250
250
250
250
248
247
246
246
244
243
239
230
227
226
225
225
232
236
239
239
239
239
239
239
239
241
242
242
241
241
242
242
244
244
245
244
244
244
244
244
244
243
243
243
244
244
244
243
244
244
244
244
244
243
243
243
243
244
244
245
246
247
246
246
247
249
249
247
248
248
248
249
249
249
249
249
249
249
249
249
249
249
249
249
248
249
249
249
248
248
249
249
248
176
48
79
201
248
248
249
249
248
249
249
249
249
248
248
248
248
249
249
249
249
248
249
249
249
249
248
248
249
249
249
249
248
243
239
240
241
241
241
241
239
241
239
236
233
234
234
234
235
235
235
236
236
236
236
235
234
235
235
235
234
234
237
236
234
235
235
235
236
236
236
235
236
239
241
240
240
241
242
241
241
240
239
241
243
243
244
246
249
249
249
249
249
249
249
250
249
249
249
249
250
250
249
249
249
249
250
249
249
249
249
250
248
248
249
247
172
50
76
199
249
249
250
250
250
250
250
250
249
249
249
249
250
249
250
249
249
249
249
249
249
247
246
245
243
241
238
238
239
237
236
237
236
234
235
236
236
236
236
236
235
234
233
233
231
231
232
233
233
235
236
238
240
241
241
240
239
239
239
238
238
240
241
243
243
243
242
243
244
245
245
244
243
243
245
244
244
244
243
243
244
243
245
248
249
249
250
250
250
249
250
249
249
248
249
249
249
250
249
250
248
249
248
248
248
249
249
249
249
249
249
241
144
47
117
214
253
253
254
254
255
255
255
255
255
255
255
255
255
255
255
254
254
253
254
254
254
255
255
255
255
255
255
255
255
255
255
254
254
253
254
254
254
253
254
253
254
255
255
255
255
255
255
255
255
255
254
254
254
253
254
254
253
254
253
253
